22343606.89243747,1002526563.4888068,35958
17938167.76377778,959913132.953256,35958
2408086.1996145537,66222847.21692283,35958
38772539.08441652,6935510378.436298,35958
3706021291.406341,407868459407.5221,35958
29424871.23411788,222964640.41875142,35958
698295.5358287443,18019364.168863803,35958
889103.8300019477,47891403.05037249,35958
270943472.38871986,51260819314.1102,35958
602146863775.5084,114181866593034.5,35958
1093697.5358907657,26362770.9256438,35958
1155783.1802881192,32205852.65071948,35958
316516.3562876135,10888575.426928146,35958
226343.40939179066,8077377.527446937,35958
1.5063375416597724e+23,1.927723339364467e+25,35958
7.25418544002726e+24,1.34829198735167e+27,35958
2079713.7393826272,112532097.53905897,35958
7075423.582539658,569788265.476159,35958
1275136.8159444332,22064365.20244496,35958
1360039.2822459578,49008504.83692014,35958
27879856.867055178,4481478967.308788,35958
7832091.146939759,736868961.3374754,35958
2587063.5911941715,57593605.97973064,35958
5899203.711521499,704474049.9733548,35958
24583801.406973973,4477334281.783313,35958
1203758.056373825,32474562.524605904,35958
312039.54745174915,5540685.511402347,35958
428809.2134615384,29884388.184473265,35958
164972.4379056122,6374450.424372478,35958
241623.04428833662,9121385.648387231,35958
257195.8215815675,6979202.262248527,35958
397355.024565048,17203994.46813561,35958
149852.0361605206,3586909.418258389,35958
129763.09722453982,2319033.9399750764,35958
391794.4482243172,8306159.256259695,35958
516312.37945074803,17643276.775835205,35958
